5	611	-0.52718	1.56386
6	571	-1.24195	1.37741
6	609	-0.534144	1.13149
6	611	-0.540588	0.825413
7	571	-2.16289	0.861396
7	587	-1.2866	1.10201
8	571	-1.15383	0.326653
8	572	-1.24206	0.39779
8	586	-0.941875	0.617658
8	587	-1.98529	1.31732
9	572	-3.39803	0.586301
9	586	-1.74101	0.876185
10	586	-1.13573	1.11211
37	219	-0.51805	0.422551
37	572	-2.00517	1.20848
37	584	-1.13193	0.233405
37	586	-2.29457	2.55893
37	613	-0.825785	1.09988
39	584	-1.47141	0.280742
39	586	-1.16344	0.721986
40	583	-0.663465	1.06896
40	584	-0.780821	0.755546
41	583	-1.54493	1.29711
68	580	-1.30787	1.0037
69	574	-1.31594	0.105876
69	581	-0.972253	0.115833
70	581	-0.802179	0.119912
70	584	-0.538562	0.264599
71	584	-1.74891	0.297697
99	586	-1.26387	1.04492
219	37	-0.525635	0.432823
219	572	-0.587221	0.0858
219	574	-1.16416	0.262115
219	584	-1.12802	0.119685
219	613	-1.63847	1.78093
221	613	-0.60466	0.481984
232	568	-0.56668	0.497771
232	569	-1.29873	1.21465
233	568	-4.05835	1.74747
233	569	-2.00951	0.68021
233	611	-1.70606	1.44091
234	568	-0.634673	0.193463
234	569	-3.08816	2.31499
234	571	-1.02711	0.218156
234	610	-0.686653	0.166129
234	611	-2.67654	1.03639
235	542	-1.785	1.89874
235	543	-0.706186	0.825511
235	564	-0.658442	0.763798
235	565	-0.969757	1.07825
235	568	-2.30409	0.235076
235	569	-1.68713	1.59588
235	570	-1.07083	1.20926
235	610	-1.90553	1.81012
235	611	-2.21277	1.32875
235	614	-1.5511	1.658
236	542	-1.71925	1.41194
236	568	-0.519316	0.291691
236	611	-1.66591	0.373264
236	614	-1.04737	0.821398
237	542	-0.772086	0.323155
237	611	-0.83912	0.379274
239	612	-0.717259	0.769474
265	448	-1.11334	0.403201
265	611	-2.12442	3.08038
327	565	-0.697017	0.124667
328	542	-1.58549	0.882435
328	565	-1.36707	0.302501
329	473	-1.09705	0.386232
329	540	-2.34639	0.65407
329	541	-1.24759	0.137972
329	542	-2.93712	0.685912
329	565	-2.84135	0.157791
330	540	-1.56825	0.166922
448	265	-1.12305	0.364927
448	611	-1.2247	1.57626
448	612	-0.896376	1.23572
456	612	-0.502032	1.05106
457	613	-1.32877	4.09738
458	613	-0.820364	1.196
473	329	-1.09696	0.382844
540	329	-2.36146	0.645211
540	330	-1.57193	0.162806
541	329	-1.22877	0.136363
542	235	-1.7781	1.88867
542	236	-1.69996	1.39153
542	237	-0.748183	0.309396
542	328	-1.54421	0.85635
542	329	-2.8869	0.668491
543	235	-0.716703	0.83783
564	235	-0.64642	0.749694
565	235	-0.978554	1.08878
565	327	-0.700241	0.119517
565	328	-1.35597	0.30076
565	329	-2.76013	0.155854
568	232	-0.571995	0.493625
568	233	-4.09259	1.74533
568	234	-0.655189	0.211981
568	235	-2.29517	0.210154
568	236	-0.524828	0.293735
569	232	-1.31176	1.22857
569	233	-2.03073	0.68212
569	234	-3.08011	2.30667
569	235	-1.67256	1.58076
570	235	-1.0663	1.20397
571	6	-1.22251	1.34114
571	7	-2.14209	0.85137
571	8	-1.14093	0.324103
571	234	-1.01417	0.214112
572	8	-1.23866	0.397751
572	9	-3.38326	0.577964
572	37	-2.01765	1.21061
572	219	-0.590707	0.0880101
574	69	-1.3177	0.0964889
574	219	-1.21044	0.273487
580	68	-1.35462	1.03988
581	69	-0.95223	0.10853
581	70	-0.807135	0.117023
583	40	-0.673444	1.08908
583	41	-1.57462	1.32611
584	37	-1.12765	0.222148
584	39	-1.45215	0.290784
584	40	-0.788789	0.759475
584	70	-0.552578	0.269471
584	71	-1.74295	0.277091
584	219	-1.14098	0.115304
586	8	-0.948727	0.627188
586	9	-1.71853	0.857023
586	10	-1.1089	1.08061
586	37	-2.29985	2.56395
586	39	-1.14267	0.686678
586	99	-1.25868	1.04114
587	7	-1.26566	1.07903
587	8	-1.9588	1.29803
609	6	-0.520982	1.09675
610	234	-0.660048	0.153223
610	235	-1.8956	1.79637
610	611	0.671479	0.430508
611	5	-0.539768	1.60457
611	6	-0.541773	0.83395
611	233	-1.73506	1.47528
611	234	-2.69789	1.02902
611	235	-2.23183	1.33729
611	236	-1.69412	0.381748
611	237	-0.84699	0.37952
611	265	-2.13367	3.08365
611	448	-1.24276	1.60876
611	610	0.711429	0.438632
612	239	-0.718851	0.762995
612	448	-0.880461	1.21638
613	37	-0.827058	1.09948
613	219	-1.64353	1.77147
613	221	-0.610636	0.484689
613	457	-1.33046	4.10157
613	458	-0.829725	1.20744
614	235	-1.52853	1.63067
614	236	-1.01586	0.79895
			0
