5	607	-0.760249	1.49665
6	567	-1.30223	1.27962
7	567	-2.09098	0.969049
7	583	-0.823398	0.80797
8	567	-1.6475	1.05876
8	568	-0.681808	1.13989
8	582	-0.602341	0.729505
8	583	-1.30837	0.806714
9	567	-0.719599	0.722203
9	568	-3.25654	0.2983
9	582	-1.0219	1.22698
37	219	-0.920486	0.560515
37	568	-2.28575	0.226677
37	580	-1.09156	0.252011
37	582	-0.857988	2.65168
37	609	-4.0652	4.28569
39	580	-1.57157	0.505759
39	582	-0.855262	0.648806
40	580	-0.777814	0.434753
41	579	-1.75219	2.50556
68	576	-1.31434	0.840894
69	570	-1.28385	0.0806184
69	572	-0.51221	0.266556
69	577	-0.981704	0.092248
70	577	-0.837109	0.159487
71	580	-1.72965	0.416945
99	582	-1.66977	0.753811
219	37	-0.912533	0.549027
219	568	-0.518278	0.109075
219	570	-1.19561	0.0610765
219	580	-0.979834	0.309925
219	609	-1.21612	0.23115
221	609	-0.77829	0.535272
230	564	-0.919384	2.10215
230	565	-1.24395	1.40442
230	607	-0.512828	0.979522
231	564	-4.09673	1.34898
231	565	-2.40322	1.01715
231	607	-1.7624	1.70888
232	564	-0.771793	0.480389
232	565	-3.72986	0.145898
232	566	-0.558165	0.0355119
232	567	-1.09946	0.0367028
232	606	-0.727649	0.0710468
232	607	-3.05312	0.157726
233	538	-2.35985	0.211563
233	539	-0.986302	0.133547
233	560	-0.929879	0.0862274
233	561	-1.34282	0.129387
233	564	-2.36994	0.0733397
233	565	-2.14742	0.236656
233	566	-1.4467	0.190494
233	606	-2.55608	0.109116
233	607	-2.69481	0.0980945
233	610	-2.09761	0.310827
234	233	0.518695	0.050947
234	538	-2.15013	0.372484
234	607	-2.04558	0.518419
234	610	-1.30609	0.120828
235	538	-0.841771	0.0553681
235	607	-0.81632	0.27554
235	610	-0.554711	0.11971
263	446	-0.839738	0.200845
263	607	-0.725212	0.26488
325	561	-0.752567	0.0609866
326	538	-1.83571	0.187422
326	561	-1.53094	0.129644
327	469	-1.32544	0.37769
327	536	-2.19601	0.55589
327	537	-1.26123	0.100525
327	538	-3.06764	0.175802
327	561	-2.88693	0.11951
328	536	-1.5509	0.139116
446	263	-0.868682	0.198626
446	607	-1.74691	0.596787
446	608	-0.570203	0.273442
453	608	-0.676464	1.10363
454	608	-0.827816	1.88372
454	609	-0.591389	1.12407
469	327	-1.32898	0.387652
536	327	-2.20353	0.567189
536	328	-1.55403	0.134954
537	327	-1.24334	0.097412
538	233	-2.34945	0.213951
538	234	-2.12586	0.367331
538	235	-0.814841	0.0550152
538	325	-0.502199	0.0561078
538	326	-1.78598	0.183507
538	327	-3.0165	0.172045
539	233	-1.00147	0.135246
560	233	-0.912667	0.0852918
561	233	-1.35514	0.12929
561	325	-0.751385	0.0590576
561	326	-1.52028	0.128556
561	327	-2.80619	0.113727
564	230	-0.928559	2.11322
564	231	-4.12648	1.35992
564	232	-0.798559	0.489621
564	233	-2.35374	0.0717845
565	230	-1.25474	1.41642
565	231	-2.42706	1.02632
565	232	-3.72055	0.141648
565	233	-2.12933	0.233483
566	232	-0.559576	0.036496
566	233	-1.43921	0.194347
567	6	-1.27648	1.24878
567	7	-2.07566	0.933249
567	8	-1.62255	1.02716
567	9	-0.731441	0.73491
567	232	-1.08568	0.0377287
568	8	-0.681086	1.13988
568	9	-3.23622	0.306836
568	37	-2.28548	0.226144
568	219	-0.520699	0.111682
570	69	-1.28493	0.0787888
570	219	-1.24416	0.067216
576	68	-1.3622	0.860915
577	69	-0.963664	0.0903265
577	70	-0.84543	0.159556
579	41	-1.78823	2.57014
580	37	-1.09345	0.243008
580	39	-1.54289	0.495405
580	40	-0.784411	0.434023
580	70	-0.504763	0.313806
580	71	-1.72344	0.402865
580	219	-0.990737	0.31566
582	8	-0.605568	0.737165
582	9	-1.0103	1.20143
582	37	-0.860739	2.65626
582	39	-0.850265	0.620607
582	99	-1.6666	0.752656
583	7	-0.806464	0.785246
583	8	-1.28407	0.802507
606	232	-0.692887	0.0664297
606	233	-2.54173	0.106556
606	607	0.842436	0.0298616
607	5	-0.776394	1.53367
607	230	-0.51091	0.96436
607	231	-1.79471	1.74669
607	232	-3.07206	0.156467
607	233	-2.71758	0.0989109
607	234	-2.07894	0.524574
607	235	-0.823193	0.282213
607	263	-0.734571	0.266223
607	446	-1.77898	0.604224
607	606	0.886473	0.0312488
608	446	-0.557885	0.262882
608	453	-0.67623	1.09653
608	454	-0.820179	1.86704
609	37	-4.07356	4.29256
609	219	-1.23343	0.232322
609	221	-0.796141	0.556415
609	454	-0.601331	1.14422
610	233	-2.06472	0.307695
610	234	-1.26363	0.122239
610	235	-0.531479	0.11599
			0
