4	579	-0.700582	0.986371
6	563	-0.896698	1.36328
7	563	-2.04825	2.16942
7	579	-1.12252	1.10019
8	563	-1.30891	0.67159
8	564	-0.875835	1.26346
8	578	-0.739446	1.05235
8	579	-1.78024	1.34367
9	563	-0.531367	0.726803
9	564	-3.38744	0.466078
9	578	-1.27493	1.24461
10	578	-0.656657	1.00763
37	219	-0.756481	0.404671
37	564	-2.27834	0.540637
37	576	-1.02603	0.378661
37	578	-1.30897	2.61095
37	605	-2.41314	4.56335
39	576	-1.62191	0.505671
39	578	-0.897217	0.781821
40	576	-0.81702	0.695245
41	575	-1.81832	2.8952
68	572	-1.3149	1.41719
69	566	-1.26812	0.204181
69	568	-0.643033	0.587075
69	573	-0.923194	0.248214
70	573	-0.90867	0.244746
71	576	-1.6738	0.489378
99	578	-1.53855	0.894091
219	37	-0.75673	0.383213
219	564	-0.555701	0.0751863
219	566	-1.137	0.257912
219	576	-0.987027	0.380635
219	605	-1.45487	0.624289
228	560	-0.624569	0.935822
228	561	-0.909699	1.214
229	560	-3.22002	2.68454
229	561	-1.63389	1.50208
229	603	-1.28592	1.65532
230	560	-0.514622	0.6146
230	561	-2.41104	2.44046
230	563	-0.834887	0.65185
230	602	-0.706825	0.478352
230	603	-2.50038	0.681913
231	534	-1.35855	1.64469
231	535	-0.502568	0.681236
231	557	-0.773505	0.976366
231	560	-1.95828	1.54188
231	561	-1.13107	1.37707
231	562	-0.761601	0.985354
231	602	-1.3893	1.67103
231	603	-1.7965	1.33214
231	606	-1.25433	1.52447
232	534	-1.38446	1.13834
232	603	-1.29193	0.669796
232	606	-0.90212	0.342153
233	534	-0.830683	0.114898
233	603	-0.590087	0.533582
233	606	-0.544645	0.513699
261	444	-2.06196	2.72402
261	445	-0.533719	1.19489
261	603	-5.59916	9.64932
261	604	-0.647551	1.88785
323	557	-0.739188	0.0958764
324	534	-1.52495	0.870422
324	557	-1.49313	0.0941949
325	465	-1.24816	0.592849
325	532	-2.1205	0.617555
325	533	-1.25024	0.13835
325	534	-2.88507	0.779401
325	557	-2.91144	0.0492829
326	532	-1.48951	0.171263
443	603	-0.892879	2.15169
444	261	-2.04384	2.66865
444	604	-0.557025	0.470243
445	261	-0.520482	1.1717
449	604	-0.858145	1.32172
450	603	-0.582718	1.51194
450	604	-1.66357	2.62989
450	605	-1.32335	2.69337
465	325	-1.2505	0.597394
532	325	-2.12907	0.631982
532	326	-1.49375	0.170164
533	325	-1.23163	0.134431
534	231	-1.35217	1.63436
534	232	-1.37132	1.12315
534	233	-0.808222	0.114616
534	324	-1.48601	0.844651
534	325	-2.83588	0.757498
535	231	-0.510696	0.692691
557	231	-0.781367	0.987257
557	323	-0.741596	0.0966758
557	324	-1.483	0.0931938
557	325	-2.82905	0.0474279
560	228	-0.627929	0.936069
560	229	-3.25121	2.70326
560	230	-0.529659	0.634526
560	231	-1.95236	1.53187
561	228	-0.919688	1.22897
561	229	-1.65243	1.51531
561	230	-2.40814	2.43452
561	231	-1.1216	1.36478
562	231	-0.757953	0.982036
563	6	-0.879604	1.33175
563	7	-2.02382	2.13286
563	8	-1.2969	0.668824
563	9	-0.540272	0.740569
563	230	-0.823579	0.642972
564	8	-0.874424	1.26065
564	9	-3.36937	0.468056
564	37	-2.28574	0.55823
564	219	-0.560639	0.0771807
566	69	-1.26848	0.204108
566	219	-1.17328	0.270453
568	69	-0.622615	0.575721
572	68	-1.36142	1.45862
573	69	-0.907299	0.244427
573	70	-0.918215	0.247661
575	41	-1.85208	2.95247
576	37	-1.02635	0.364598
576	39	-1.59329	0.496797
576	40	-0.825386	0.699018
576	71	-1.66715	0.473542
576	219	-0.994061	0.383766
578	8	-0.744044	1.06259
578	9	-1.26209	1.21374
578	10	-0.643351	0.981796
578	37	-1.3122	2.61585
578	39	-0.888477	0.751913
578	99	-1.53533	0.884681
579	4	-0.693302	0.977073
579	7	-1.10604	1.06284
579	8	-1.75485	1.33142
602	230	-0.686711	0.463671
602	231	-1.38284	1.66016
602	603	0.546149	0.383117
603	229	-1.30856	1.68576
603	230	-2.528	0.679277
603	231	-1.81667	1.33814
603	232	-1.31317	0.685257
603	233	-0.595352	0.53865
603	261	-5.60685	9.6449
603	443	-0.889719	2.14184
603	450	-0.582632	1.5142
603	602	0.573355	0.421641
604	261	-0.646373	1.88346
604	444	-0.542687	0.462688
604	449	-0.856569	1.31907
604	450	-1.6677	2.62898
605	37	-2.41813	4.57651
605	219	-1.48029	0.610704
605	450	-1.33968	2.72408
606	231	-1.23578	1.49975
606	232	-0.873318	0.324383
606	233	-0.523779	0.493496
			0
